0,552
0,551
0,550
113,10
113,9
113,8
113,7
113,6
113,5
113,4
113,3
113,2
113,1
113,0
112,8
112,7
112,6
112,5
112,4
112,3
112,2
112,1
112,0
111,10
111,9
111,8
111,7
111,6
111,5
111,4
111,3
111,2
111,1
111,0
110,11
110,10
110,9
110,8
110,7
110,6
110,5
110,4
110,3
110,2
110,1
110,0
109,8
109,7
109,6
109,5
109,4
109,3
109,2
109,1
109,0
108,10
108,9
108,8
108,7
108,6
108,5
108,4
108,3
108,2
108,1
108,0
107,10
107,9
107,8
107,7
107,6
107,5
107,4
107,3
107,2
107,1
107,0
106,11
106,10
106,9
106,8
106,7
106,6
106,5
106,4
106,3
106,2
106,1
106,0
105,7
105,6
105,5
105,4
105,3
105,2
105,1
105,0
104,4
104,3
104,2
104,1
104,0
103,4
103,3
103,2
103,1
103,0
102,7
102,6
102,5
102,4
102,3
102,2
102,1
102,0
101,4
101,3
101,2
101,1
101,0
100,4
100,3
100,2
100,1
100,0
99,7
99,6
99,5
99,4
99,3
99,2
99,1
99,0
98,10
98,9
98,8
98,7
98,6
98,5
98,4
98,3
98,2
98,1
98,0
97,4
97,3
97,2
97,1
97,0
96,9
96,8
96,7
96,6
96,5
96,4
96,3
96,2
96,1
96,0
95,4
95,3
95,2
95,1
95,0
14,9
94,10
94,9
94,8
94,7
94,6
94,5
94,4
94,3
94,2
94,1
94,0
93,7
93,6
93,5
93,4
93,3
93,2
93,1
93,0
92,4
92,3
92,2
92,1
92,0
91,3
91,2
91,1
91,0
90,3
90,2
90,1
90,0
89,5
89,4
89,3
89,2
89,1
89,0
88,4
88,3
88,2
88,1
88,0
87,3
87,2
87,1
87,0
86,3
86,2
86,1
86,0
85,7
85,6
85,5
85,4
85,3
85,2
85,1
85,0
84,4
84,3
84,2
84,1
84,0
83,4
83,3
83,2
83,1
83,0
82,4
82,3
82,2
82,1
82,0
81,7
81,6
81,5
81,4
81,3
81,2
81,1
81,0
80,6
80,5
80,4
80,3
80,2
80,1
80,0
14,8
79,10
79,9
79,8
79,7
79,6
79,5
79,4
79,3
79,2
79,1
79,0
78,3
78,2
78,1
78,0
77,4
77,3
77,2
77,1
77,0
76,9
76,8
76,7
